570653736785334272
570662608426160128
570741765973483520
570968937120333825
571047458995712002
571342456073150467
571342508329840640
571344269643943936
571483280777842688
571487546930302976
571751520930177024
572230251503206400
572682749078728704
572846848785944576
572980788104331265
573143051704537090
573186359508242432
573215629018320896
573216225125388288
573217042003857409
573219292784795649
573221802228510720
573223201171484674
573224285524779009
573229162015543296
573250394664669186
573251033385857025
573260941543936000
573268004726833152
573280430893346816
573288209049776129
573303714007650305
573331950464737280
573333107882897408
573333219640270848
573333665079414784
573336471626645504
573344338362679296
573345622608109569
573346312357335040
573349469770539008
573465950575554561
573530089750589440
573530838014554112
573530895912689664
573536550522241025
573537510061568000
573539576725250048
573542882310819842
573544756048891906
573581530288672768
573602219112660994
573636184909443072
573644968927096833
573652154247835648
573663735019102208
573663879517114368
573664017341808640
573664361274679297
573664650644054019
573664799961313280
573668651896717312
573669368669827072
573671285923807232
573671984258666496
573672810847059968
573675255870459904
573675508606464001
573675699623628800
573676191665664001
573676683074662400
573676732722626561
573676740939218946
573677191705272320
573677743675564032
573679923828645889
573685538575769601
573690585980100608
573691493552160769
573725271871766528
573799134097895425
573806466819358720
573861073197010944
573862354049433600
573863653469978625
573865172852330496
573865192972546049
573866806093344769
573867453081612288
573877806947430400
573878173688975362
573879303982571520
573887445634301954
573902539994763264
573903105038884867
573903112961966081
573903309217611776
573903412670021632
573904787067940864
573908059732467712
573913481470083074
573918605642956800
573972137960046593
573972951739011072
573973468565278722
573973539289694208
573974462560923648
573974647433203712
573975240834940928
573977914640723968
573985329973088256
574034812631191552
574041366730313728
574041429632249856
574041431817375744
574044327787163648
574048595877306368
574049585762562048
574051817283264512
574067300959023105
574067438943342592
574230944845991936
574232359676960768
574300024366067713
574404926253694976
574408362894319616
574595400465805312
574698708631097344
574716279367536640
574732193785868288
574744845480165376
574744949700190208
574746976648105984
574750410864476160
574940364819197952
574940754868568064
575073190940114945
575219633298542592
575224982541897728
575226052575916032
575226475013627905
575226664893968384
575226860985978880
575227322313359360
575227930231504896
575229655810244608
575234905845555200
575234962422697984
575242723252436992
575264206431219714
575299954253692928
575300010868371458
575305889533464576
575307195857788929
575311294758318080
575492714919149568
575501700385079296
575521978850885632
575522957948223488
575524128679161856
575524868982206464
575678145451393025
575754765541511168
575768033156808704
575769137999310848
575773683614019585
575830150312407040
575830524335292417
575831518620209152
575832051393392640
575835054485737472
575835069413203969
575878687775576065
575886860746145792
575888888431955968
575888954639151105
575889099531292672
575889827716931584
575890348527910913
575890444388687872
575890905967816704
575892275261214720
575893396922855426
575893450811437057
575893755472969728
575893889044901888
575893923748413440
575894012642594816
575894032540266497
575894055961370624
575894131953770496
575894244042412032
575894254284726272
575894344537784320
575894391551868928
575894487345442816
575894522313371648
575894737556627456
575894887993733120
575895018776322048
575895072459223040
575895152109051904
575895230743900160
575895252264878081
575895304421130241
575895471232696321
575895992790220801
575896083588481024
575896111883354113
575896115792461825
575896210529107968
575896398723313664
575897292021985281
575897517394640897
575897533286719488
575897718889058304
575897907007610880
575898305516822528
575898391399546881
575898473301585920
575898535528263680
575898565278572544
575898866064580608
575898885975113728
575898893575192576
575899176073998336
575899313181601792
575899538352836608
575899628916232192
575899793634955264
575899973700579329
575900140231335936
575900334557523968
575900373388521474
575900591697846272
575900659054026753
575900727899385856
575900759352463362
575900772363149312
575900793334722560
575900813089898497
575900830382993409
575900857159409664
575900890306998272
575901002131353601
575901022620532736
575901037975986176
575901069164740608
575901071870046208
575901079445094400
575901320684511232
575901569704554496
575901584636395520
575901654085672960
575901906738020353
575902083724922880
575902147881123840
575902354588983296
575902564517990403
575902721355694080
575902734483763201
575902737432494080
575902795070619648
575902896564260864
575903023790170112
575903176999591936
575903925259231235
575903982314389505
575904089382346752
575904165253111808
575904284375654401
575904456518340608
575904503947382785
575904555273080832
575904582032715776
575904585887313921
575904645391867904
575904645622726656
575904783627870208
575904910752944128
575904980583895040
575905144216289280
575905197454569473
575905277704175616
575905289896992769
575905329382318080
575905356741754880
575905359224827904
575905362483769345
575905369479741442
575905381496442880
575905402782613504
575905504972529664
575905521611354113
575905535494504449
575905636291977216
575905912256225280
575905990211543041
575906013234077697
575906068963917824
575906073296556032
575906424255029249
575906565024165888
575906589292408832
575906712663666688
575906739540918272
575906817919836160
575906837536595968
575906912555790337
575906934626385920
575906951634161664
575906993506025472
575907007611473920
575907019422486528
575907036128538624
575907057439784960
575907085810057216
575907104201969664
575907178541891584
575907319822725121
575907477570654208
575907520432246784
575907532318748672
575907773159899136
575907835118145537
575907846342250496
575907891695112192
575908130661396480
575908180175155200
575908416780029954
575908503006674944
575908523936256000
575908526754787328
575908539920707585
575908606723362818
575908645772206080
575908652361478144
575908760901701632
575908863192395776
575908948684840961
575909097704456192
575909231565541377
575909284375961600
575909306454929408
575909337031254016
575909443617091585
575909489980936192
575909509413142528
575909625838616576
575909716435410944
575909726073937920
575909838657601536
575909848036085760
575909874665701377
575909973458227200
575910155662987264
575910165607657472
575910326299815936
575910328283758592
575910384252538881
575910531116220417
575910556038660096
575910618089197568
575910649810718720
575910698221330432
575910709424439297
575910726126063616
575910801015341056
575910935476359168
575911004363563008
575911178108432384
575911207313395712
575911220806615042
575911341627670528
575911360753594368
575911424079212544
575911471189635072
575911477833416706
575911619034771456
575911817022738432
575911839441223680
575911940502880256
575912019523543041
575912354224947200
575912357261656064
575912457476112384
575912559292866560
575912608580046849
575912649386496000
575912680340357120
575912721746653184
575912787194548224
575912831620550656
575912871743238144
575912883663458305
575912945638473728
575912965146345472
575913013833777153
575913082834178048
575913180808880128
575913195057115137
575913230708551680
575913422920925184
575913469876142080
575913483310497792
575913526222417920
575913544975187970
575913658217181184
575913664177377281
575913677213270017
575913686474297345
575913723908395008
575913772469985280
575913886936875008
575913912484425728
575913980637511680
575914219129954304
575914250134286336
575914288155512832
575914305398439936
575914364777029633
575914465482289152
575914467344707585
575914528061308928
575914545216032768
575914564329455616
575914604192133120
575914820538613760
575914825517240320
575914893011877889
575915031935647745
575915129088270336
575915137913257984
575915185493291008
575915237431492608
575915243920093184
575915278183350272
575915345434669057
575915400208080896
575915433989128192
575915469653282816
575915469632245760
575915493355225088
575915512485441536
575915548145381376
575915552691986433
575915619494707201
575915651891511296
575915680240791552
575915690722353152
575915746506641409
575915752483487744
575915762466058240
575915809815449601
575915862038876161
575915897749172224
575915990095015936
575916156944445440
575916191883001857
575916244399845376
575916623866957824
575916771087159298
575916781988102144
575916854771781633
575916977543213056
575917022950912001
575917029091360768
575917270473420800
575917313649733632
575917326865846273
575917354908942336
575917395283439616
575917408940089344
575917463684014080
575917525965271040
575917547347906560
575917548853665792
575917578029285376
575917716910927873
575917794753118208
575917843662835712
575917955931734016
575918063972810752
575918109086720000
575918151080148993
575918213768183808
575918232823054336
575918342155862017
575918418324426753
575918438125694977
575918468878311424
575918556010921984
575918583949062146
575918792573784065
575918949931466752
575918960828358656
575919023134666754
575919023486959616
575919068978413568
575919385526693888
575919394452152320
575919467613413377
575919475200937984
575919551575011329
575919604637167616
575919737516900352
575919885705940993
575920013539995648
575920034071117824
575920040341438464
575920237230448641
575920293195091968
575920391811645440
575920394340794368
575920875167313920
575920890291994624
575921075424378880
575921265086717952
575921398066978816
575921457571741696
575921509044191232
575921863253233664
575921873273249792
575921907289079808
575922150416216064
575922279697281024
575922359204384768
575922862525050881
575922934906118145
575923079655784449
575923134290862080
575923151068004353
575923272879063040
575923375849271296
575923645026975744
575923773687246849
575923925378580481
575923998913130496
575924072388911104
575924121005080578
575924154945433600
575924255713460224
575924464157753344
575924598140637184
575924763668840449
575924927292915712
575925047426093057
575925145438552064
575925162991861760
575925164870860801
575925216100003841
575925395188416512
575925430596694016
575925599010562048
575925621563523072
575925757576286208
575925846571024384
575925923943313408
575926048845496320
575926166336438272
575926228235894784
575926307302699010
575926343264768000
575926390559801345
575926459157577729
575926486630166528
575926558679941122
575926760581169152
575926875098238976
575926916999315456
575926940571320320
575927036541190144
575927052982865921
575927073375711232
575927141436542976
575927179323670528
575927212009902081
575927336945762304
575927367304024066
575927397444231168
575927555665960960
575927556257488896
575927594882854913
575927607235051521
575927683336552449
575927893458464769
575928403078963201
575928669547335680
575928831367737344
575929035072536576
575929084343152640
575929247245582337
575929303260508160
575929513273593857
575929812839047168
575929861765660672
575929897903726592
575929920175628288
575929927033356288
575930106402770944
575930142243098625
575930207015559168
575930390843682816
575931349388824576
575931503550447617
575931665073184768
575931935471632384
575932159053074437
575932205744193537
575932293027495937
575932978481750016
575933160501813248
575933288667332608
575933598202662912
575933732143697920
575934268133675009
575934418549743616
575934643377147904
575934682690248704
575936494214324224
575937356391407616
575938143553122305
575940461480701952
575941210344329216
575941713933438976
575941947027820545
575943221471129600
575943306837934080
575945120714915841
575945894744432640
575946263121649664
575947103924543488
575947147272568832
575947188733243392
575947267800195072
575947514592940032
575947839832002560
575948679221116928
575948868162088961
575949360166367232
575949820583673858
575950714976899072
575951594853797888
575951874102206466
575952444288565248
575952535451779072
575953260445577216
575953404427530240
575953760079355904
575954889458622464
575955045491040256
575955189351456768
575955803674275840
575955887661019136
575956716707254272
575957241972580352
575957370402123776
575957730176929792
575957866785304577
575958203416055809
575959744562724864
575959862741372929
575959943397957632
575960224965746688
575960456503947264
575960492889370625
575960773182291968
575961104150474752
575961331179855873
575961629684183041
575961683283288064
575962268074020865
575962545405714433
575962831239127040
575963142628507649
575963522397417473
575963594254213120
575963646460854272
575964023444930561
575964037718130688
575964359660158976
575964695498199040
575964807981047808
575965197388619777
575965308999086080
575965753461047296
575965819999408128
575965999406710784
575965999452786688
575966062551900161
575966314239520768
575966330807042048
575966745481097216
575966888083070976
575967405719044096
575967674712350720
575967731469697024
575967795067920384
575967975439650816
575968070478397440
575968190318129153
575968201856577537
575968610973286400
575968655374168064
575968659929227265
575968765260750848
575968899197464576
575969101845258240
575969157482553344
575969316648173569
575969633783705600
575969993797468160
575970062529605633
575970487278411776
575970624067248128
575970780892139520
575971960431071232
575972067427799040
575972110151114753
575972301449138176
575972482919874560
575972583763517440
575972678110224385
575972925158780928
575973012312317952
575973170877972480
575973490614001664
575973496586706944
575973774576762882
575973818184962048
575973835012468736
575974114550120449
575974380586590208
575974390527102976
575974396680146944
575974628910325760
575974706886512640
575974742290800640
575974849224548352
575975112358367232
575975152938196992
575975305380118528
575975347482718208
575975521449680896
575975582795751425
575975605331591168
575975610985508864
575975718967906305
575975776438378496
575975794377236481
575975873666387968
575975880385777664
575975883741245440
575975934668316672
575975987629961216
575976214789259264
575976236343767040
575976424202371074
575976501180387328
575976625369579521
575976673696477184
575976781146152960
575976854395338752
575976884737048576
575977066794864640
575977178333978624
575977215877337088
575977276073988096
575977417291874304
575977434207498241
575977500263735296
575977528201912320
575977658904944640
575977665804546048
575978016653897728
575978382648827905
575978449707229185
575978463741353984
575978560831168513
575978562852810752
575978637494648832
575978678259077120
575978798086270977
575978881326395392
575978927107252224
575978985965785089
575979030702243840
575979234860142592
575979263171641345
575979334663569408
575979362840870913
575979475059367936
575979602197262336
575979717251227648
575979737690054656
575979845236105216
575980048206843904
575980093228519424
575980116964036608
575980127210733569
575980128108318720
575980149923057664
575980151839698944
575980154222080000
575980186782580736
575980193010966528
575980204654501888
575980208135790592
575980336586326016
575980366265110528
575980507818651648
575980575380520960
575980587162304512
575980587321798656
575980846563258369
575980888233635840
575980896362315777
575980999172960257
575981056526053376
575981074829824001
575981211232837634
575981288873570304
575981304107372544
575981307135680512
575981327066918912
575981443442069505
575981454313668608
575981619552632832
575981675517206528
575981699676270592
575981822095568896
575981823244677122
575982127822610432
575982225017163776
575982256528867329
575982371645747200
575982433646059520
575982486225846272
575982844884983808
575982871728537600
575982903131156480
575982962858029056
575983140365332480
575983321974341633
575983575453036544
575983589692710913
575983606163722240
575983613470072832
575983644549873664
575983698283085825
575983829921345536
575983829774630912
575984016647667712
575984033076768768
575984152455090176
575984305798823937
575984337918758912
575984359896797185
575984555011784704
575984795571888128
575984798767976448
575984830275551234
575984884260347904
575984967580270592
575985114439671808
575985125864960002
575985172480274432
575985233608077312
575985274565599232
575985307578998784
575985357713465344
575985362465591296
575985372708122625
575985387555844096
575985420166660096
575985545022713856
575985769891913729
575985888099975168
575985892709523456
575985996472455168
575986140517298176
575986160931102720
575986189456510976
575986397393252352
575986612364029952
575986678118006784
575986771999240192
575986893738868737
575986908947349504
575987029378498560
575987042104025088
575987217014779904
575987228385681408
575987334656737280
575987339069112321
575987679571116032
575987785481367553
575987799654076416
575987898266177536
575987917731950592
575988026398154753
575988061890195457
575988079502082048
575988458935750656
575988550069575680
575988677580447744
575988754516672512
575988823722602496
575988844178366464
575988945793716225
575989054853910529
575989102513901568
575989137100161024
575989138328944640
575989222739341312
575989343568949248
575989384308101120
575989405216841728
575989493901082624
575989540113903616
575989563853836288
575989580094132224
575989725212864512
575989726957600768
575989772348456960
575989812500525056
575989910126997505
575989968050515968
575990008672227330
575990053299621888
575990373266235392
575990508180414464
575990839081607168
575990841224871936
575990865195331584
575991040286547968
575991042664742912
575991049945903104
575991342146285569
575991501051670528
575991521473855488
575991579971874816
575991638096371712
575991789212950528
575991840261955584
575991851183816704
575991856858726400
575992042054111232
575992077483405312
575992084731019264
575992093413363713
575992125193506816
575992138523115520
575992155916881920
575992369209696256
575992539750227968
575992557445996544
575992613062471681
575992662504955904
575992694792683520
575992699842592768
575992744692215809
575992784634671104
575992799394299904
575992816284794880
575992889374846977
575992933293387776
575993069331464192
575993080068714496
575993095298396160
575993107344449536
575993195424710656
575993291721818113
575993377348550656
575993420390539265
575993574665412608
575993580629540864
575993770258264065
575993837342093314
575993884007899136
575994011556585472
575994024789704704
575994042380521472
575994603872100352
575994687930146816
575994731060154368
575994762437636096
575994809267200000
575994822298902528
575994954385747969
575995030856441856
575995105783345154
575995148749971456
575995174075162625
575995265288654848
575995311165956097
575995363414319104
575995389100216323
575996041050329088
575996226321178624
575996261016436737
575996287843192834
575996341039452160
575996346064244736
575996426343325697
575996652823007232
575996712847716352
575996764198596609
575996780883636224
575996848671850496
575996878145216513
575996891239817216
575996894205341696
575996914610626560
575996948756316161
575996971103571969
575997011243053057
575997041568059392
575997088724426753
575997185285738496
575997210095005696
575997431814434816
575997451208769536
575997488982827008
575997563494629376
575997764196253696
575997781329969152
575997809687576576
575997947005001728
575997989866569728
575997991791673344
575998038881275904
575998243668156416
575998292712165376
575998294322712576
575998793751109632
575998833236189184
575998870251040768
575998881781182464
575998906804236288
575998945433899010
575999093299810304
575999100811784192
575999105345937408
575999136559972352
575999260619104256
575999273357148160
575999349844537344
575999374880288768
575999429649571841
575999509290962944
575999585270681600
575999634331607040
575999795141169152
575999805119320065
575999849457324032
575999989584920576
576000042089066496
576000138143014912
576000143125667841
576000265058279424
576000310360944640
576000318862966786
576000393970253824
576000401373151232
576000409829056512
576000410042966016
576000556365275136
576000714436161536
576000951208804352
576000972037615616
576001233816821760
576001278074957824
576001310043955201
576001744896815104
576001769190350849
576001878917451776
576001993094901760
576002312608559105
576002395165057024
576002409933070337
576002489515945984
576002548433182720
576002598949388288
576002618700394496
576002659863367680
576002680516128770
576002730029936640
576002987367231488
576002989598613505
576003008007372800
576003176643457024
576003185141137408
576003264686071808
576003293723295744
576003330712858624
576003362019155968
576003441828306945
576003480122314752
576003489983283200
576003692475781120
576003725799604224
576003814135746560
576003972697292801
576004106332045312
576004519852650496
576004609459806208
576004638505246720
576004678049140737
576004737654525952
576004845175463936
576004848451092482
576005053179244544
576005079431573504
576005174616944640
576005211140947970
576005233668587521
576005426317160448
576005496144015360
576005526464647168
576005562040745984
576005575042985984
576005575722414080
576005578520137728
576005818870591488
576005911598272513
576005924512522240
576006262388850688
576006324816756736
576006333566078977
576006337752002560
576006420383952896
576006430412550145
576006619437240321
576006670247067648
576006851898167296
576006947910098944
576007028226678784
576007042223095808
576007147235848192
576007223438012416
576007223794626560
576007267096592384
576007330065584128
576007408901693441
576007445388136448
576007522298916865
576007680998944768
576007759545675776
576007789409075200
576007835785408512
576007860326309888
576007974721703936
576008085170319361
576008155378753536
576008265059827712
576008267328983040
576008288996839424
576008290968162304
576008402737975296
576008408156876801
576008606715260928
576008623182065664
576008674256252928
576008715926523905
576008728094343168
576008864879009792
576008911989305345
576008931283189760
576008984190038016
576009197948637184
576009383064309760
576009442228998144
576009626765918208
576009630725337088
576009722962128897
576009741228339200
576009786178854913
576010000809598976
576010004127432705
576010076076531712
576010213054111744
576010428737822721
576010510673580032
576010634476781568
576010646669643776
576010679779471360
576010746678521856
576010784897138688
576010832032624640
576010833378942977
576010839234334720
576010912844423169
576010934709170176
576010945744363520
576010996944216064
576010999637000192
576011169317588992
576011247159779328
576011297562718210
576011353858543616
576011373584343040
576011437539131392
576011451111866369
576011629977976832
576011643999674368
576011686525739008
576011689247817728
576011692821340162
576011697003040768
576011702967271424
576011808584110080
576011835029098496
576011888305156096
576012289645506561
576012361623994369
576012456989970433
576012472345346048
576012492536717312
576012630252371968
576012672900169729
576012755154681856
576012843897634816
576012883944808449
576012887480745984
576013015444684800
576013270865301504
576013366675779584
576013577653526528
576013654610472960
576013742137303040
576013771023392768
576013826455384065
576013843274559488
576013917203267584
576013969850265600
576014035520368640
576014117129031681
576014284498415617
576014411158126592
576014482239016960
576014510881779712
576014613332000768
576014675386589184
576014727790219264
576014766533165056
576015006841487360
576015070255185921
576015198219173889
576015233833041920
576015279127465984
576015605071015936
576015694388715520
576015741125812224
576015762873171968
576015780090773504
576015795387404289
576016259986391040
576016268031049728
576016274624499712
576016372452470784
576016382531239937
576016418182995968
576016697225650177
576016724660785152
576016771804762113
576016977434546176
576017028894441472
576017149787054081
576017314530893825
576017529665097729
576017606450278400
576017752349122560
576017894271680512
576017953029799936
576017957932908544
576018018322370561
576018046994804736
576018063604109313
576018145749565440
576018195212959745
576018475040149504
576018508787687424
576018509584424962
576018683228717056
576018780523876352
576018900971757569
576018914208931840
576018982312022016
576019065577164800
576019123932516352
576019215922126848
576019277758631936
576019373292392448
576019402245603328
576019453743333377
576019528989196288
576019642864541696
576019687777124352
576019787647557632
576019794341789696
576019856551751680
576019878286471168
576019925698899969
576019932930052096
576020096306544641
576020114518122496
576020146910810112
576020169388097536
576020180985229312
576020225570664448
576020261335502849
576020357703819266
576020360681775104
576020456597110784
576020508287709184
576020574364905472
576020628987252736
576020680950444032
576020733232447489
576020771769815040
576020803835150337
576020816598446081
576020826841071616
576020847544000512
576020851004313601
576020863658545152
576020879915675651
576020920923398144
576021063718440960
576021072975409153
576021119234277376
576021157008130048
576021183000248320
576021188582858753
576021194194993152
576021201417592832
576021206098296832
576021210854776832
576021250075701248
576021265527484418
576021288965312512
576021295411777537
576021312935567360
576021339447902208
576021449942528000
576021457924464640
576021564644163584
576021581140373504
576021603848335360
576021651529285632
576021675633983488
576021693044428800
576021807041372160
576021923819347968
576021944572645376
576021975430131712
576022019583664128
576022044199895040
576022090593222656
576022138890510337
576022139272179713
576022141843304448
576022177822175232
576022183794847744
576022209875075072
576022287746469889
576022298500558848
576022407326134273
576022552084144128
576022573885984768
576022626453303296
576022656010465280
576022670736777216
576022964547678209
576023030687641600
576023076296630272
576023119824953345
576023129505464320
576023176213372929
576023225940910080
576023247206162432
576023288784166913
576023357063180288
576023438201999361
576023446527873025
576023452362137600
576023532271882241
576023569378992128
576023646306598913
576023708847992833
576023764653092864
576023779748413440
576023795242250241
576023823235084288
576023926486093824
576023952394465280
576023990269042689
576024123798867968
576024170057740288
576024363666780161
576024379655602176
576024545687003136
576024586782924800
576024648422395904
576024673835749377
576024736553119744
576024830652239873
576024910222348288
576024975540252672
576025042363936769
576025105333141504
576025309151031296
576025474641575936
576025511513743360
576025712810835968
576025732276584449
576025835523612672
576025897981120512
576026104303058944
576026351410499584
576026393311477760
576026394154651649
576026431966322688
576026589881729024
576026607900606464
576026643904339968
576026702025007104
576026706160586752
576026839115800576
576026850402562048
576026861773463553
576026911438086144
576027023488905216
576027081819222017
576027106288607232
576027184768282624
576027218251501568
576027257128374272
576027287667253248
576027346211192832
576027484300312576
576027488687620096
576027558900170752
576027606866259968
576027611677110272
576027727578472448
576027814605930496
576028081762234368
576028192407961600
576028234774491137
576028280937025538
576028290915381248
576028357936050176
576028375233355777
576028393596182528
576028395441680384
576028408523726848
576028476412542976
576028594482372608
576028621384581120
576028632671485952
576028633480978432
576028749994549248
576028806231646208
576028932484567040
576028935978266624
576028952881274881
576028998003650560
576029002797744128
576029047693557761
576029084435619840
576029084486123520
576029177402503168
576029229797765120
576029304871612417
576029305341345792
576029350945935360
576029375629512704
576029420315525121
576029585860485120
576029646862569472
576029726667501568
576029827053973504
576029884172017664
576029891470176257
576029898487267328
576030038384107521
576030064636104704
576030103294984192
576030104700129280
576030106461687808
576030107548024832
576030148895584256
576030150397173760
576030162086539265
576030184232583168
576030252670935040
576030437518282752
576030455310512128
576030574965469184
576030591281455104
576030686064173056
576030692703924224
576030700048101376
576030845405802496
576030900716109824
576030929895849985
576030954143141889
576030994530091008
576031184670568448
576031205381906432
576031337062244353
576031358310486019
576031425364803585
576031518222467072
576031608853143552
576031637269540864
576031697508155392
576031745578930176
576031747344719874
576031768739893248
576031775060664320
576031779917688834
576031781213872128
576031829100257280
576031878639042560
576031935874510848
576031959228416000
576032069660213248
576032071597965312
576032083551760384
576032253853241344
576032364767379456
576032667826667521
576032755328376834
576032801125871617
576032807450906624
576032879043477504
576032932017487875
576032989571731456
576033392728272896
576033408863727616
576033499049684993
576033524290977793
576033528795815936
576033829342810112
576034158209671168
576034265873301504
576034270264877056
576034318532882432
576034358252986368
576034389143875585
576034390511353856
576034454755414016
576034569138352128
576034717847289856
576034727079096320
576034760100696064
576034949075185664
576035102494314497
576035226473885696
576035302818652161
576035362566463488
576035401300860930
576035445483708416
576035483773505536
576035656633290752
576035796077031424
576035827123376128
576036034430939136
576036100805931008
576036339524722688
576036383200030720
576036470911291392
576036488829214720
576036557229928448
576036574246236160
576036726365278210
576036733059489792
576036868086697985
576036885354663936
576036965335719936
576037007245225985
576037096995057665
576037136236826624
576037187814232064
576037226443866113
576037275974393857
576037389623279616
576037392185991168
576037452437139456
576037473970683904
576037486612250624
576037487904096256
576037499702800385
576037550839615488
576037554237124608
576037583253213184
576037665889333248
576037668984762369
576037673321664512
576037753055490048
576037805534539776
576037832197693440
576037874719678464
576037874761490432
576037885683507200
576037935234977792
576037982848843776
576037993951031296
576037996430036992
576038038058479616
576038049798209536
576038056697982977
576038119918559232
576038121654984705
576038202600886273
576038281542000640
576038284532531200
576038295735500800
576038445643997184
576038493039771648
576038505073131520
576038524895412224
576038536564080640
576038591853268992
576038601487572992
576038616855621632
576038668067950592
576038737504661504
576038768978706434
576038968963260416
576039003889217537
576039264456146944
576039354813968384
576039358706376704
576039526314991616
576039547361890304
576039615573848064
576039659249082368
576039712822947840
576039725653458945
576039937860067328
576040054293946371
576040094232006657
576040120417058817
576040121163653120
576040188452950017
576040208069607424
576040260326445056
576040335651909632
576040543358169088
576040568326860800
576040605916213248
576040623288885248
576040674211930113
576040700975800321
576040759486517248
576040825236398080
576040844073021440
576040894467596288
576041092778446848
576041104803495936
576041250240876545
576041265688657920
576041274102403073
576041331937665025
576041416163516416
576041448086183937
576041456017764352
576041543326257153
576041560405487616
576041660011962368
576041689237848064
576041835555995648
576041841964900352
576041905311604736
576041909631610882
576042166176391168
576042286212993024
576042293041463296
576042306031112192
576042363568549889
576042470926000128
576042497090166784
576042533127503872
576042552333238272
576042626618650624
576042637330792449
576042749444661248
576042784014090240
576042832693166080
576042839424921601
576042857493962752
576042929388593152
576042934794993664
576042989149024256
576043036104351744
576043105830318080
576043107181064193
576043153662214144
576043203083657218
576043285824737283
576043403114328064
576043410408103937
576043498379583488
576043623239720960
576043737337491456
576043842006319104
576043912378318848
576043941486731266
576043942380208129
576044052593836032
576044093660229633
576044095790923776
576044103298781186
576044105433743360
576044133237714944
576044140150018048
576044244340588544
576044362364145664
576044371432214528
576044375039414274
576044518581137408
576044621945434112
576044768242831361
576044773837918208
576044955375775745
576044972312539137
576045091548184576
576045157902114816
576045210980855809
576045290240749568
576045321366585345
576045372692389888
576045415776280577
576045485531725824
576045575306633216
576045619334148096
576045675324030977
576045737773043713
576045763173736448
576045767380484096
576045788956106752
576045792412184576
576045799748071424
576045805536047104
576045808161714176
576045838285295616
576046084079894529
576046084092477440
576046116736802816
576046117676285952
576046127352573952
576046218876317696
576046230826008576
576046316264009730
576046371284856832
576046371272167424
576046531054342145
576046851696152576
576046871933640704
576046877172461568
576046890673913856
576046947108274176
576046989529391104
576047124602712064
576047133633179648
576047190990135296
576047221306712064
576047222225264640
576047256333352960
576047264927330304
576047344715751424
576047367331401728
576047370695106560
576047485216509953
576047492854210560
576047559577362433
576047726246260737
576047756759814144
576047868999380992
576047947017670656
576047988725911552
576048067473997824
576048153406795776
576048402175303680
576048470886363136
576048493845954561
576048494047334400
576048640986333184
576048678084849665
576048714332168192
576048778601373696
576048872570662913
576048938660339712
576049043337433088
576049045459771392
576049173994168320
576049294668640257
576049308933361664
576049393599647744
576049458858835968
576049484305694720
576049582582296576
576049603977445376
576049717542420480
576049747062050816
576049853211516928
576049900368084992
576049944705925120
576049970572300289
576049985008996353
576050151489437696
576050246897287169
576050532973838337
576050641887371264
576050713626722304
576050741900611584
576050996704587776
576051035317362688
576051094964441088
576051154540363776
576051238376091648
576051607269453824
576051656804077569
576051697577017344
576051737263415297
576051780145971200
576051884907200512
576051904364605440
576051922320400384
576051981770469376
576052018571309056
576052053497147392
576052162242838528
576052226986213376
576052324365438977
576052445840691200
576052539411587072
576052540585992193
576052603068502017
576052672270233600
576052871533219840
576052977749909504
576053082838179841
576053301000699905
576053365991436288
576053504688709632
576053622770786304
576053729738240000
576053773384073216
576053819441750018
576054007602491393
576054031627464705
576054072572317697
576054385458872320
576054395290402816
576054405889413120
576054558822043648
576054621883387904
576055005943332864
576055046384717824
576055175254827008
576055221547237376
576055254732578816
576055342871773184
576055401600290816
576055447423045632
576055473230737408
576055809806729217
576055931357802496
576055962227892224
576055977717280768
576056007698358272
576056108776878080
576056155295854593
576056319012126720
576056390705381376
576056410632400896
576056467326808064
576056621668917248
576056655118467072
576056716799823872
576056774677114880
576056883250925568
576056884249128960
576056901055733760
576056909255417856
576056979917041664
576056983825965056
576057172930510849
576057215410446336
576057293965389824
576057305315278848
576057511687557120
576057575185084416
576057792634626048
576057931847843841
576058080724709380
576058265265655808
576058320785522689
576058492756295680
576058624650452992
576058703968800768
576058725426970625
576058872466657280
576058895413612545
576058931459551232
576059698819944448
576059781431083008
576059810900242432
576059833784336384
576059883524612096
576059902394793985
576059914050732032
576059953011560451
576059959370121216
576059970216538112
576060022968422400
576060055763730432
576060191231373312
576060299314237440
576060353156530176
576060388074115072
576060412241653760
576060421381054464
576060520853295105
576060586573717504
576060653082791936
576060683369988096
576060768191315970
576060777880240128
576060785245421568
576060792539316224
576060808263823360
576060810805559296
576060820548767745
576060853440532480
576060946050740224
576061076678262784
576061124803739648
576061126066094080
576061136220590080
576061190519951360
576061264998244352
576061273604956160
576061295650349056
576061389065756672
576061423500943360
576061546305978368
576061555151745024
576061686341181440
576061843963125760
576062120317595648
576062168023445504
576062171618156544
576062219772948480
576062253310582784
576062346902261760
576062384034332672
576062504318697472
576062508194201600
576062585222537216
576063009996423168
576063101671440384
576063103034519552
576063223960461314
576063261105254401
576063307523686400
576063367976189953
576063903811039232
576064050724913152
576064071985991680
576064150809489409
576064153623875584
576064361099366400
576064467227795456
576064866886295552
576064931130433536
576064993457610752
576065014068592640
576065035308433408
576065443917635584
576065563203604481
576065665510952960
576065706862612480
576065759253647360
576065791969271808
576065905672744960
576065949553569792
576066298368684032
576066576895463424
576067251910021120
576067831487332353
576067835098599424
576068197125779457
576068230025854976
576068309130559488
576068323764383745
576068673019908097
576068983167676416
576069128504639488
576069141473325057
576069151481004032
576069240458903552
576069412245123073
576069574656921600
576069653832675330
576070046012735488
576070519163871232
576070655696736256
576070689028894720
576070811909386240
576070905073266689
576071061483200512
576071081523478529
576071370490122240
576071747176439809
576071976265056256
576072524213047296
576072626709364736
576072897057460224
576072934122373120
576073171318779904
576073315921440768
576073340835618816
576073457441615872
576073643370934273
576073680591200257
576074492851593216
576074778425061376
576075062329016320
576075155820036096
576075434607038464
576075694247022592
576075933989384192
576075958114988032
576076289859153920
576076311916994560
576077022356742144
576077141718147073
576077203374370816
576077354423971840
576078280421437440
576078446251634688
576078475041243136
576078667316604928
576078871507791872
576078974859644930
576079015364063234
576079106833420288
576079183656398848
576079274223923200
576079436405186560
576079564067078144
576080115857276928
576080240977551361
576080574412165120
576080905984303104
576081082526744577
576081266539413504
576081370075758592
576081385024274432
576081400761327616
576081458491756544
576081825157746688
576082058209964032
576082357742137345
576082519596089344
576082660537208832
576083226894041089
576084051154448384
576084179550531584
576084942322470914
576085051106070529
576085263799201792
576085474621571072
576085964038279168
576086219601420288
576086289809690624
576086321732591616
576086402632425472
576086495758405632
576086514326585344
576086623424618496
576086651300098048
576086974831964161
576087284308668416
576087633446641666
576087669534490626
576087995557638144
576088323250225152
576088346511982592
576088467177758720
576088478762467328
576088642017329152
576088721373564928
576088845105541120
576089374305161216
576089500759117825
576089504647405568
576089526038355968
576089606006784000
576089874064936960
576091617322508288
576092239899860992
576092370187337728
576092373123354624
576092407390810112
576092516103032832
576092575125245953
576092995633676288
576093227914231808
576093660342808576
576094156533211137
576094326377287680
576094628065222656
576094969817001984
576095189590286336
576095881302302721
576096213616865280
576097183818072064
576097390475624448
576097408406274048
576097581832495104
576097730524663808
576097881540550656
576097917200510976
576098004018470912
576098008334479361
576098054589276162
576098069692833793
576098110180462592
576098131806273536
576098276388270081
576098283996622849
576098290518790144
576098392415215616
576098661542858752
576099152326594560
576099206785421312
576099395839664130
576099406694498304
576099880931835904
576100416766627840
576101337584287744
576101576474910720
576101819291541504
576102052205584384
576102254127656960
576102919822446592
576103018413723649
576103353500839936
576103742900211712
576103816107413504
576104271755808769
576105098272595968
576105161115889664
576105204086624256
576105359644966912
576106865551093761
576106870911291392
576107316812128256
576107425301798912
576108553565388800
576108616396066816
576108777822294016
576109004780269568
576109228160499712
576109318900072448
576109694957260800
576109768462434304
576109852927361024
576109914617044992
576109949270429696
576110127029313537
576110128769822721
576110163926654976
576110407611346944
576110489115185152
576110575534649344
576110622095474688
576110629838151681
576110699048497152
576110812588191744
576110944826187776
576110967060303872
576111581374885889
576111581433454592
576111622961410048
576112122863697920
576112204627505154
576112449503383552
576112586829123584
576112795902701568
576112942489341952
576113394924830720
576114107948122112
576114824427352064
576115115373654016
576115164916776960
576115612897808384
576116861710008320
576117741964394496
576117810151092225
576117887502561280
576118471907536897
576118898153652224
576118970706718720
576118998481248257
576119087023128576
576119111790411776
576120003856097280
576120177881808896
576120313118863360
576120365656616963
576120775628881921
576120857849933824
576121036896350208
576121092252643328
576121323656589312
576121464451022848
576121490992545792
576121560693653504
576121643719921664
576121743347040256
576122248005836800
576122259460349952
576122807035125760
576123090544918528
576123130818797568
576123378832158722
576123407357620224
576123742792888320
576123897034252289
576124197027639296
576125490462883841
576125925378678784
576126163967410177
576127318088761344
576127365060898816
576127994290257920
576128346242723840
576129376279875584
576129470165225472
576129548946784256
576129605691678721
576129918116855809
576130059221753856
576130315439251456
576130406921039872
576130611343155200
576130737583169536
576130874388819968
576130876926337024
576131614213701632
576131617229438976
576131634405113856
576131701312778240
576132286426394624
576132379586269184
576132740011053057
576132755827781632
576132889894502400
576133580914442240
576133709285359616
576133951107923968
576134517045510144
576134582514266112
576134819240787968
576135649129930752
576136067297873920
576136230900879361
576136332180791296
576136408416407552
576136513265668096
576136552390078464
576136711798853632
576137181342736385
576137612110503936
576137692771008512
576137939719172097
576138075031523328
576138169202188288
576138368624373761
576138448962134017
576138664700416000
576138857734778880
576139351446429696
576139471193649152
576139626903027712
576139984761069569
576140335925104640
576140555442221056
576140642826358786
576141439412867072
576141933875191809
576142119582240768
576142439162908672
576142743711318016
576142899156529153
576143373263724544
576143406734278656
576143619918282752
576144070361423872
576144165735571457
576144254210158592
576144638668627969
576144783640387584
576145212105330688
576146102866423809
576146171183300608
576147407034945538
576148648230305792
576148807131398144
576149001075978242
576149116318699520
576149239975317504
576149644842913792
576149727747657729
576149779434115072
576150491190669312
576150946918494208
576151168809725952
576151856726061057
576152148586721281
576152917226446848
576153990603247616
576154079321260032
576154513037504512
576154711100903424
576155026634121217
576155335053856768
576155839414829056
576155921795059712
576156384867155968
576156835218079744
576156919204880384
576157009432686592
576157087606136832
576157573734273024
576157941989974016
576159079120314368
576159274570678272
576159368221081602
576159387498082304
576159569795137536
576159801346015232
576160169828167680
576160516172689408
576160774957199360
576161344245735425
576161722265784320
576161888171507713
576162117960753152
576162550263336961
576162875917516800
576162910520520706
576163055404384256
576163792393924608
576163951920091136
576164072716156928
576164579236950016
576164614506815488
576164904429744128
576165368860835840
576165484812341248
576165523756425217
576165563388551168
576165594665385984
576165643977912321
576165648390361088
576165730745331712
576165813712859137
576166197089021952
576166219545337856
576166284812910592
576166370443841536
576166932631711745
576167043822567424
576167537542483968
576168611284299776
576168862980403201
576168877991669760
576168995541368832
576169699454529536
576170352247582720
576170628253937664
576170846886051840
576170851436871680
576170888007184384
576170917455208448
576170946165374976
576171870145396737
576171957735055360
576172030929678336
576172196848078849
576172425144041473
576172942016446465
576173209751523328
576173233814155264
576173717547409408
576173736476430336
576173855703629824
576174135979573248
576174165037711360
576174252359057408
576174358390906880
576174722947248128
576174942175121408
576175367653822464
576175420585975808
576175474138714113
576175542233235456
576175574458052608
576176099476025344
576176328220782592
576176446462410753
576176507221049346
576176507699138560
576176634178379776
576176734170533889
576176882875412480
576176920049532928
576177053462048768
576177469473955840
576177539082805248
576177645941035008
576177671257866242
576177921569660928
576178395559546880
576178865938112512
576179449231601664
576179939168251905
576180043333771265
576180074992541696
576180150615724032
576180183754895361
576180238583009281
576180535673769984
576180719015178240
576180977770196993
576181338883117057
576182221675098112
576182737784164353
576184905882677248
576185302919831552
576185517223632896
576187018520236033
576187072446337024
576187184304238592
576187220266065920
576187748526080000
576188245198794752
576188268376694784
576188578432176129
576188743419318272
576188902966321152
576190583867207680
576191021308051456
576192577017278464
576192878663245825
576193855453696000
576193937985011712
576194032503820288
576194183163174912
576194521794502656
576194621795008512
576194667156361216
576194774622842880
576194906076516352
576195333111324672
576195369186516992
576195446474948608
576195517278912512
576195643204612096
576195677249626112
576195779003588608
576195822792122369
576196072260968448
576196219019620352
576196275097497600
576196410216861696
576196523094106112
576196654971248640
576196758688124928
576196817664094208
576196824911863810
576196994449846272
576197061386854402
576197118299271168
576197282984431616
576197417059520512
576197480968237056
576197729161908225
576197753098780672
576197900956467200
576197970590318592
576198154325987328
576198201012682752
576198243010371584
576198277630193664
576198292800847872
576198597471010816
576198693893738496
576198712545918976
576198717293785088
576198898663845888
576198930062536704
576199125147979776
576199204579598339
576199266605010944
576199267695624192
576199268551262208
576199354211561472
576199461761859584
576199502429876224
576199589801267200
576199684915499009
576199717836582912
576199814255251456
576199815308034048
576200078529994752
576200154690248704
576200240887422976
576200267063955456
576200488997130240
576200561642508289
576200669188620288
576200811367112705
576200915478183936
576201138455867392
576201207112278016
576201250846478336
576202138751082496
576202254434308098
576203015016828928
576203050689269760
576203147930013697
576203321410715648
576203931619090432
576204015647760385
576204089861672960
576204127430127616
576204265426804736
576204315255304193
576204377217593344
576204715484041217
576204725319806976
576204733003644928
576204814910013440
576205054459318274
576205063753850880
576205122965008385
576205453358604288
576205716022685696
576206214620585984
576206396682854400
576206578258333696
576207755528253440
576208306445926400
576208646004080641
576209060254629888
576209402975260673
576209446654758912
576209469371064320
576209635507466240
576209916450508801
576210598108737536
576210614189735936
576210876002357248
576211113748115457
576211148711862272
576211149206605825
576211433337282560
576211686664712193
576212831252561920
576213528459104256
576213726199611392
576213801328054273
576213832298860544
576214039233069056
576214240320585728
576214448546836480
576215020444352512
576215156214083585
576215168390139904
576215568459628544
576215605042225152
576215844855902209
576216105146032130
576216370402189312
576216384364916737
576216663512768512
576216689597001728
576216807863934977
576216970946879488
576217350657064960
576217732678479872
576217807836164097
576217968205398016
576217997179637760
576218007065645057
576218122207772672
576218125361790976
576218188624494592
576218278298677248
576218365682921472
576218468506312705
576218562286727169
576218580880084993
576218731338027008
576219139582332928
576219224114249728
576219235598249984
576219552608075776
576219694170009600
576219957194670080
576220055026925568
576220685900500993
576220707505381377
576221154253275136
576221165502398465
576221223354511360
576222052828327936
576222249390223360
576222475886944256
576222806582554624
576223297240580096
576223409463398400
576223602292494337
576223980828381184
576224080027766785
576224323461111808
576224727775105024
576224799212490752
576224885455785984
576225284837494784
576225422368579585
576225680762880000
576225700472078336
576226249028345856
576226456952508416
576227218138882048
576227295087570944
576227581000867840
576230463171371009
576230814511300608
576233084971941888
576234073976279040
576234261260324864
576234907782934528
576235264265203712
576235362558824448
576236905601359873
576237621422235649
576238299527827456
576240746874806272
576241618208104448
576242268438310912
576242634366156800
576242944740462593
576242955624652800
576243267962085376
576243637882871808
576244584847532032
576244638450757632
576245145852600320
576245872016662529
576246891907665921
576247413792325633
576247730567282688
576248416591695872
576248603020152832
576248638717890561
576250291227475968
576251099264356352
576251510331412481
576252318741499904
576252369450582016
576252427835351040
576252889670164480
576253290846941184
576254823026139136
576256057577639937
576256259151761408
576256370908884993
576257374572257281
576257684191641600
576258189148172288
576258262519164928
576258287814848512
576258302490894336
576258352197468160
576261173353525248
576261714703831040
576262136856350720
576265262745309186
576265299818729472
576265599942205440
576266962650562560
576267303433572352
576267853038391296
576268362126340097
576274420672557056
576275975647924224
576285983009705984
576310027109044224
576311950562369536
576329657966030848
576337972569595904
576339379876036608
576339610126667776
576341859624218624
576344236150431744
576344706671636482
576344838716551168
576345434467278848
576348181543411712
576348633249013760
576352691573497856
576352772372717568
576352781067407361
576352813229297664
576353016703512576
576353059212656640
576353115189858304
576353198144782336
576354034589818880
576354602229964801
576355446660956160
576355925453365248
576356364806582272
576356832727293952
576357002172964864
576357183589203968
576357217068314625
576357423029481472
576357550918144000
576357596615090176
576357682694639616
576357919505170432
576358775201931264
576359461364740096
576359802294681600
576360137197228032
576360731391594497
576361220879572992
576361750968160257
576362627317809152
576362829034303488
576364117130252288
576365150011318272
576365291870916608
576365293867433984
576365391141830656
576366248205774848
576366355210891264
576367100077408256
576367744670507008
576368346481999872
576371310277840897
576371348127240192
576372245590884352
576372353355120640
576372648122388480
576376920318742528
576380526401073152
576382300738420736
576383540948025344
576385349057953792
576386173037318145
576388518882193408
576389718893428736
576390192468135936
576390279529287680
576391192201543680
576391233414770688
576394066650361856
576394437917540352
576396123423772673
576396276062822400
576399243281244160
576400992192761856
576403318416781312
576403453234323456
576405300955217920
576406928781369344
576407355946065920
576407683378622464
576408513624334336
576408992865468416
576409902509219840
576410629646467072
576410952649740289
576414506047311873
576415937047453696
576424419385462785
576429637963743232
576430056517574656
576430211031396352
576431428835106819
576432652280029185
576438378163511296
576444293264465920
576444405697024000
576444628230012928
576444890587865088
576445219874324480
576445230129364992
576446278420144128
576446279384879104
576446544397860864
576447470026121216
576448472762621952
576448808868937728
576449100549373952
576450013213016064
576450563899936768
576450623425683456
576451018092908544
576451485954940928
576453278067621890
576454134636888065
576454243332288512
576454734338338816
576455774425067520
576457480999288832
576458519878201344
576460828389425152
576461359765954560
576461455848972289
576461524597878784
576461666545725440
576462422862594048
576462770654203904
576463139815825408
576463435304570880
576464874483552256
576466124264452096
576468101379801089
576470444087328768
576471486376050689
576472576047779841
576473457023696896
576475426345889792
576476044280115201
576483345179136000
576484960544010242
576486382194987008
576487696455098368
576488642811592704
576498057493135360
576498336498360320
576498594192039936
576499122938589184
576499159458516992
576500439916650497
576506294024024065
576506379881578496
576506871139430400
576511422940725248
576511588254904320
576511688645730305
576513453021638656
576513484613152768
576514134973386752
576514458270334976
576520916949139457
576522961756147712
576530651316359169
576533956222410752
576535888928309250
576538974883315712
576544882187247616
576552087011524609
576556591786303488
576561352279486464
576562099863728128
576563804785516544
576563900583321602
576564057706115072
576567464957501440
576569082578747392
576571808515649536
576579038354997248
576580750184607744
576583118645243904
576583488012468224
576589325657354240
576592447662399488
576594314966372352
576597656245391361
576600932328214528
576607590165151744
576612568426373121
576613595045236736
576613745490690048
576614143962128385
576615239522725888
576615746920280064
576620987506020352
576621525031370752
576633947221721089
576634290370420736
576635895283113985
576646429902397440
576646646903152641
576649731092262912
576659298207592448
576663713010180096
576694520886132736
576699824071913472
576720735172849664
576722420020744192
576722634689347584
576723093269323777
576731986816946176
576735239097073664
576745753403637760
576746894262710273
576747248031309825
576747470933356544
576747982864982016
576749426942824448
576750766611812352
576754508895633408
576754871363330048
576754914598252545
576756186017505280
576758474517786624
576788998766489600
576790551837696000
576792303643279362
576793897491378176
576798232937902080
576798786967633920
576799008116588544
576826227798999041
576842786567106560
576847544384368640
576850701294432257
576852164661915648
576854259347636224
576859369360486400
576859400452890624
576863131277795328
576863325549674496
576863419845906432
576863569532186624
576863785962471424
576864006180229120
576864070944628736
576864258694086656
576864300469354496
576864353196060673
576865394788589568
576866051956322304
576866172374634496
576866298581229568
576867154965856258
576868414251134976
576868540940230656
576869827941261312
576871206768377857
576871418916294656
576871942726139905
576872024670257152
576872352203587584
576874103229009920
576874749952946176
576875092501639168
576903794899976192
576907073968943104
576908610359291906
576910376547139586
576910562812149760
576910564913324032
576911451132203008
576920172767784960
576920343207620608
576920862164647936
576920899514802176
576921844848193536
576921971356663808
576922564468994049
576922762096218112
576923997956276224
576924768147935232
576925876119552000
576929094094471168
576934412660543488
576934520412209152
576935034667593728
576935333092286464
576936319802171392
576939306859642880
576944642610081793
576945324838809600
576953074301861888
576954647727976448
576955065128378370
576955663202447360
576955946783494145
576956294717956096
576957141598109696
576957676954890240
576959595551158272
576959601666490368
576959736370892800
576960340828819456
576964629810704384
576967998692552704
576972223187124224
576972428842254337
576972605720174592
576973065428549632
576973103802101760
576991719574618112
576992325290848256
576998037030973441
577003065720451072
577003690671869952
577006006640603136
577011708792684544
577018346077495297
577040036522160128
577063120255881217
577063173062139904
577090336473763842
577093619804340226
577101365182267394
577134051775135744
577134609139367936
577134647127093248
577135839639154688
577148084292972545
577148309233631232
577149127273754624
577155808313520128
577160166216474625
577162401759567875
577166857981050881
577169402468036608
577171328333164546
577171541814849536
577172035543166977
577174698993299456
577175803781386241
577179194997657600
577182148223881216
577184667289407488
577184701036761088
577184732812697601
577184733987147776
577184751188074496
577184808759123968
577185029702320128
577185037759565824
577185272091320320
577185776242307072
577186319710859264
577186538502533120
577186732510085120
577186967810527232
577186996788948992
577187379485659136
577187408283852801
577187954856046593
577188143725699072
577188228953808896
577188261547872257
577188283278491648
577188358717337600
577188388052193280
577188573352361986
577188650598973440
577188688628678656
577188690381832192
577188726721372160
577189105668325376
577189167060230144
577189373554331650
577189551644360704
577189794129657857
577190107507101696
577190290462752768
577190366450823170
577190382238359552
577190519853334528
577190550782111746
577190606700744704
577191026835759105
577191328095797248
577191693084155905
577192035137949696
577192778129616896
577192875764494337
577192943678664704
577193005410467840
577196578970185728
577197784878616576
577198034531930112
577198088642674688
577198970952286208
577200230875033600
577203174701813760
577203240632127488
577204957755080704
577205062235250688
577207821088915456
577208184600850432
577208300133093376
577210351395160065
577210912475602944
577211041463083009
577211082944733185
577211945733869568
577212299762499584
577212546362511360
577212624896688128
577212919974379520
577212932833959936
577213659732131840
577214076650045440
577214440149512193
577214505308008448
577214660551827456
577214805813121024
577215076026974208
577215081806753792
577215596854538240
577215735379992576
577215896134889472
577215939768254464
577216040746160128
577216304148553728
577216500089552896
577216698350108672
577217338103087104
577217494215081984
577217533222121472
577217906322313217
577218131816542208
577218183947558912
577219225569402880
577219671767666688
577220036282068992
577220057710870528
577220312133070848
577220391111897088
577222445679120384
577223609158017024
577223880789483520
577224587533897728
577224616021737472
577225610101014528
577225812300038145
577227189529243648
577227693521035264
577227711569113088
577227737879826432
577227864447287297
577227924627062784
577228345093402624
577229087908966400
577229169257480192
577229472606396416
577229632413417472
577230669954347008
577231067540795393
577231292271632385
577232615725346816
577232621748547584
577233211731918848
577233984683270144
577234440662970368
577234523986862080
577235025952944128
577235686664888320
577235845003907072
577236020523114497
577236113879879680
577236489773277184
577237112870801408
577237458598805504
577238004395208704
577238382960504832
577238434961473537
577238539777228800
577238545590403072
577239403216695296
577239485274001408
577240045662289920
577240677970370561
577243064357425153
577244190829985792
577244453049659393
577244555432570880
577244615482302464
577244932202733568
577245002251669504
577246135405789185
577247968442593281
577248760322895872
577249554115928064
577250999745802240
577251401077690368
577251468647874560
577252950340292608
577254964164104192
577255303462273024
577256641067888640
577258137553633282
577258637971750912
577258876589871104
577259718378283008
577265441984417792
577269149287784449
577269511058948096
577270224023461888
577270416802115584
577272118926131201
577276010200190976
577280694860144640
577285678138003456
577286471310168064
577286772612202496
577287512101502977
577287991137165312
577288285816537088
577290113723412480
577294846567677952
577295812671197184
577308922945499136
577310175046029312
577310434362953728
577310588642148352
577311185034334208
577312451370176512
577313421659484160
577313484838461441
577313717865578497
577313724945469440
577314640096456704
577315809854287873
577319701115748352
577331167558414336
577336359024734208
577339857506201600
577340237048754177
577340866844631040
577343590751461376
577346161817694208
577355441518182400
577356546419519488
577356752485629952
577358147465060352
577358639817703424
577372845610655745
577374842317504512
577402227150626816
577411356837699584
577425757217136640
577438344822398976
577438897170350082
577450222655303680
577450980113022976
577451891816157184
577451933285285888
577451992856936448
577453124543188992
577453588336799744
577453653268783104
577453842515689473
577456170643779586
577458293947371520
577458767782109184
577459306305441792
577459364979552256
577459447603314688
577460029730619392
577461215489888256
577461687843840000
577461926650716160
577462314556911616
577462755860422656
577466348189564928
577467321918193664
577467971926376448
577468435669499904
577470547841261568
577471008157773825
577471548799365120
577472191094255617
577472234005999617
577472516983107584
577472858475012096
577472941874655232
577473254304169985
577473314240774144
577473352857587712
577473443622301696
577473471837388800
577473570508435456
577473693070319616
577473710866591745
577474156003897344
577474222219472896
577476334231928833
577476624947384320
577477659225145344
577478543677902848
577478631254982656
577487906719297536
577490230661369857
577491866704330752
577493043252596738
577497657746309120
577502926567907328
577504797512867840
577506453268738049
577509749165572096
577510322870882304
577514155470508032
577522295914266624
577523502204456960
577523757830389760
577523824671002624
577524233791664128
577524416860413952
577525354350452736
577525925446852608
577532254865514496
577533445695361024
577539798514016256
577544209890177024
577551479965294592
577561613990907904
577564238685872129
577570038753918976
577570085755301888
577571073518018560
577577374918799361
577579467729608704
577580107512061952
577580176344686592
577580505433972736
577580712892727296
577581115550142465
577581248656187392
577583293496848385
577592533410283522
577601940768571392
577603046835884033
577603201580453888
577609255949373440
577618578372874240
577625772577292288
577630277427589120
577631027146932225
577669098168938496
577671677275852800
577672599817195521
577673088273244160
577674027780591616
577674287240212481
577675452782915584
577676597987188736
577676748172730368
577677983239905280
577678309540163584
577678893521350656
577680011303370753
577738957309370369
577784135680442368
577822291314130944
577824779211669504
577842831609331713
577908481799290880
577938101839888385
577945074715111424
577949184176693248
577952540169539584
577989400748945408
577989576276512768
577990783808061440
577991105473564673
577991627286822912
577991760300773376
577993620545925120
578002015667773441
578002222816092160
578005373023563776
578005383077302272
578013964874870785
578014021321764865
578014891883147264
578015569208680449
578016254616858624
578023022528843777
578024344560881665
578044079906299905
578044163838451713
578044617695703040
578044652797865984
578047986774618112
578049204322369536
578050395773087744
578055877409697792
578055948574437377
578065605489614849
578070219668594688
578070408680718336
578175227521167360
578189128828768256
578189634015887360
578190014078541824
578195946044985344
578196993517961216
578198661638815744
578214151350194176
578247027135508480
578303100865265665
578308286610427905
578321609427066882
578321960796602369
578322624436121600
578323184350408704
578324102793973760
578324213062373376
578328937979228160
578384945476804608
578551081363509248
578595465316442112
578596179522363393
578598951944732673
578601507530084352
578602713107341314
578632645623463936
578660694054330368
578718185429463040
578731689964400642
578753704184180736
578760547467821056
578893409986969600
578966904313876480
578967898900865024
579012269490716672
579017806714433536
579048714670641152
579067123055476736
579067600568643585
579067612606259200
579069219683192832
579069556230000641
579070449432203265
579070482776870912
579071549887488000
579072083843411969
579072902005284864
579073189575184385
579074803409145858
579075290267172864
579083959285366784
579134014172196865
579136009801101313
533494290237112320
533493553763475456
533452311738482689
533432155582771200
533430928912420864
534381089997877248
534574696214183936
534565591202684930
534563152848248833
534796027493371905
534795803349368832
535279881895297025
536950073843007488
536637205062877185
536622768893472768
536612182352736256
536579946257600513
536412018723790848
536410700160434176
537213629469171712
537214544548876289
537218220579516416
537252363329761280
537263216590860288
537268771883204608
537291561693114368
537291652487208960
537291711005728768
537291711005728768
537291652487208960
537291561693114368
537268771883204608
537263216590860288
537252363329761280
537218220579516416
537214544548876289
537213629469171712
537454681724059648
537455879508221952
537455957396045824
537461154260717568
537469655162834944
537491885254639616
537510884579356672
537525708319633408
537547666201124865
537548213863989248
537584053793607680
537613966953164801
537624275227009024
537631294436306944
537645929445482497
537646934375161856
537724306323546113
537759046409809921
537766240819761152
537825289255264256
537857722398420994
537940630719451136
537941838653845504
537942056300077056
538055724879065088
537646934375161856
537645929445482497
537631294436306944
537624275227009024
537613966953164801
537584053793607680
537548213863989248
537547666201124865
537525708319633408
537525708319633408
537491885254639616
537461154260717568
537455957396045824
537455879508221952
537454681724059648
537395192857653248
537375831061180416
537348948956962817
538055724879065088
537942056300077056
537941838653845504
537940630719451136
537857722398420994
537825289255264256
537766240819761152
537759046409809921
537724306323546113
539234622811693056
539235604291407874
539278215366205440
539278933808914432
539279122913308673
539304001532329984
539304343615598592
539388383014166528
539428361752571904
539543523864088577
539686719956987904
539805381648994304
539835723059187712
539849201706754048
539857618190495744
540002332260311040
540002895484420097
540003095414337536
540004040143142912
540004200282071040
540008614669602816
540010140301533184
540012792527740928
540012956663435264
540014484237324288
540016753669992449
540020782706225152
540021073576599552
540021182360088576
540021207018385409
540021379656343553
540021627283451904
540021775170801664
540021994436055040
540022071971954688
540022652904427520
540023660699209729
540023778630066177
540024259704549376
540025253930729472
540029026421972993
540029707866357760
540029883498659840
540030453705875456
540030637248643072
540031800467132416
540032209034297344
540033859015147520
540036867048374272
540055821691158528
540095612717633536
540095930737778690
540095944130560000
540096485887844352
540097929407913984
540100716409663488
540108945675669504
540127479491723264
540132931290013696
540133091810246656
540133100529799170
540133139818250240
540133407288999937
540133468081250305
540133571977961473
540133582107578368
540133923410702336
540133947632795648
540134005807382528
540134634781433856
540134680352534528
540134975194931200
540135553899843584
540135763011444736
540135764818800640
540135995094880257
540136388197625856
540136434766970880
540136479339859968
540136584465903616
540137215062736896
540137783470616576
540138305317535745
540140757232128000
540144812511723520
540146097637703680
540147780803493888
540148569148514304
540150826850082816
540159081554903041
540161720539680769
540182181101203456
540183228142080000
540190848093528064
540198972707864576
540203109381730304
540210580523466752
540210674194862081
540210682466402304
540211262052134912
540211459624808448
540214251538108416
539191864742539264
539171063591362560
539169836727676928
539166288073875457
538965386419777536
538853634478727171
538774724495421441
538636760772001792
539596299998605312
539543523864088577
539428361752571904
539388383014166528
539304343615598592
539304001532329984
539279122913308673
539278933808914432
539278215366205440
539235604291407874
539234622811693056
539835723059187712
539805381648994304
539686719956987904
539667498594222080
539665437936852992
539665244462006272
540214251538108416
540211459624808448
540211262052134912
540210682466402304
540210674194862081
540210580523466752
540203109381730304
540198972707864576
540190848093528064
540183228142080000
540182181101203456
540161720539680769
540159081554903041
540150826850082816
540147780803493888
540146097637703680
540144812511723520
540140757232128000
540138305317535745
540137783470616576
540137215062736896
540136584465903616
540136479339859968
540136434766970880
540135995094880257
540135764818800640
540135763011444736
540135553899843584
540134975194931200
540134680352534528
540134634781433856
540134005807382528
540133947632795648
540133923410702336
540133582107578368
540133571977961473
540133468081250305
540133407288999937
540133139818250240
540133100529799170
540133091810246656
540132931290013696
540127479491723264
540108945675669504
540100716409663488
540097929407913984
540095944130560000
540095930737778690
540095612717633536
540055821691158528
540036867048374272
540032209034297344
540031800467132416
540030637248643072
540030453705875456
540029883498659840
540029707866357760
540029026421972993
540025253930729472
540023660699209729
540022652904427520
540022071971954688
540021994436055040
540021627283451904
540021182360088576
540021073576599552
540020782706225152
540008614669602816
540004200282071040
540004040143142912
540003095414337536
540002895484420097
540002332260311040
540310877057331200
540314780373098496
540321867928965121
540322121604288513
540322220703105025
540324683854651392
540325087975841792
540327598895947776
540330353030729728
540340891396108288
540340956495876097
540341080571396096
540341198049652737
540342829818454016
540343413712101377
540345001696194560
540351517409038336
540352087335239680
540352446581571584
540353478992736257
540355970694516736
540375837045166080
540386839807676416
540406434920685568
540453373208559616
540453548941520897
540487936643706880
540542734520823808
540543274792927232
540551212673032193
540611220865175552
540611583756763137
540645688565313536
540668810949570560
540684148357492736
540690612715257857
540310877057331200
541178475705815041
541176668946038784
541152874781081601
541139172292325376
541137561318481920
541137439817867264
541136777910976512
541136557898760192
541136380269584385
541136193161682945
541135720060948480
541135605673889792
541135331613884416
541135309174370304
541135230707314688
541134634973552641
541134454530789378
541133685110484992
541131937889669120
541130587130449921
541130428195684352
541125233177284609
541119446450855937
541118280292139008
541115014619201537
541114142024019968
541113865879453696
541112803096920064
541112217044004865
541111400765325312
541107119877943297
541107068372287489
541104536492847105
541104204715413504
541101852671365120
541100382450380801
541100350883643393
541099617639612416
541099485258989568
541099384276914176
541098826883682304
541097298625695744
541097088805634050
541096686085758977
541094966492028928
541094522143645696
541093130410663937
541092950869286914
541092757222461440
541092683981148160
541092638875992064
541092283568099329
541092021075988480
541090544257368064
541090433997479936
541090363675783168
541087733805240320
541087634349518848
541087319529234432
541087052943859712
541086535672528896
541084150456131584
541083684242472960
541082804168060928
541081404210049026
541080870254555137
541080493744472064
541080452237656064
541080433820069888
541080388433870849
541080347706814466
541080327297695744
541080062008000512
541079864405917696
541079300225916928
541079191207559169
541079105572470784
541078991822934016
541078925108314112
541078748980719618
541078728118247424
541078727804088320
541078504117641217
541078070594375681
541076768854380544
541076419540172800
541076024906104832
541075944992423937
541075382045134848
541074614961446912
541074398695149569
541073965318688768
541073500966879232
541072454505209857
541072240872148992
541072181078134785
541072148908240897
541072136580788224
541071614746832896
541071596627451904
541071528809758720
541071512967450625
541071390984925184
541071311033098240
541071008418254849
541070871109320705
541070662505607169
541070569647906816
541070392711200769
541070366987128833
541069795249385472
541069744364085248
541069475886686209
541069284236361728
541069023338045440
541068749810327552
541068737257152512
541068731594858496
541068590951452673
541068531429683200
541068397245898752
541068367285608449
541068327846563840
541068289343254528
541068169793003520
541068169633628160
541068169436495872
541051944924876801
541047123005820928
541043473634168832
541042860062425088
541042281176764416
541042044274102272
541040781763436545
541040582747910145
541040177041637376
541039674614349826
541037703643410432
541017920508137472
541008054717018112
540987184296497152
540914271618863106
540909662275506177
540902204853723136
540901867770105856
540866789824274432
540761406862553088
540690612715257857
540684148357492736
540668810949570560
540645688565313536
540611583756763137
540611220865175552
540551212673032193
540543274792927232
540542734520823808
540535676475686912
540487936643706880
540453548941520897
540453373208559616
540406434920685568
541225025639313409
541231177664057344
541231534196670464
541238548897476608
541241836824956928
541248814212841472
541250277307731968
541256553131958273
541261754014396416
541263849887117312
541264968578891776
541270116764516352
541271406525161474
541271520027242496
541271534229540864
541271563799375872
541271592945590275
541271617012506624
541272138536079360
541272252852236288
541272381210116096
541272478241157120
541272588261937153
541272959285870592
541274522272690176
541275936294199297
541276216771493888
541277273182060545
541277462923984896
541278023581175808
541278090337738752
541278679473479680
541279055107334145
541280296608735232
541280603564281856
541281075540946945
541282732895391744
541283483705180160
541286604976173056
541287171437502465
541287210910494720
541287340145381378
541287347841933313
541287422533722112
541287699647582208
541287761508970496
541288086127517696
541288188057485312
541288280096911361
541288441489928192
541288516475711491
541288571869888513
541288925528985600
541288996676964352
541289112402415616
541289792856920065
541290021811404800
541290325054996480
541290452209909762
541290477585453056
541290548200747009
541290960991559681
541291150628241408
541291255750463488
541291329100464128
541291354391724032
541291597133279233
541291686769336321
541292020850249728
541292033131163648
541292049773776896
541292098461663234
541292597072130048
541292714197676033
541292727342997504
541292983828901888
541292984860704768
541293041215356928
541293877714378752
541294477043073024
541294635138969600
541294752709484544
541294828181393408
541294854366826496
541296137354084352
541296226256560128
541296342056718336
541296388454502400
541296435216392192
541296604784119808
541296769150119936
541297269253734400
541298845414854656
541299920079433729
541300474285391872
541300530195075073
541300539968204801
541300709862682624
541300793648091137
541300816397598720
541300830306308096
541300851848249344
541301085710090240
541301642835296259
541301911509794816
541302257082327040
541302522309521409
541302595591995392
541302668338409472
541302693030289408
541303566510858241
541303613713580032
541303688820555776
541303986871992320
541304151494234112
541304359309836289
541304907887026176
541305918223572992
541305981813010432
541306995308236800
541308143649955840
541308217528418304
541308297580908545
541310141371392001
541312537372164097
541314912731951104
541314983637057536
541315624337944579
541316842225430528
541316957426184192
541317508880293888
541318725283352576
541322231968989184
541322234200326144
541322398700929024
541322402807152641
541324951903805440
541325583750561793
541326424242921472
541326878229790721
541328889818390528
541329396188348416
541329415033348096
541330002609197056
541330109320679425
541330879012802560
541330936462180352
541331230588162050
541332560048300035
541332814172409857
541335681109618688
541337075254317056
541338406492856320
541340267547074562
541342578416041984
541342802521907202
541343025541431296
541343538618040320
541344464774905859
541345532015157248
541346108610715649
541346262441009152
541346432096415744
541352011040849922
541352134869270528
541353743967473664
541354124693209089
541355778259828736
541358950008889345
541359262229082112
541359356973834240
541359542076862465
541359569508003840
541359633513086976
541359788274499584
541359788534542336
541360025667928065
541360266576146432
541360297177804800
541360377020555265
541360728121540608
541360768902791168
541360881092001792
541361006073876480
541361150429265920
541361249272217600
541361465161428992
541361507385491456
541361583788949504
541361610275975169
541362201412788224
541362425061064704
541362426508107776
541363232951517185
541363306523820032
541363755087826944
541364315853701120
541364632175534081
541365934347538432
541366449567465472
541369787150913536
541370471070330880
541371188795428866
541371495574822913
541371970487873536
541372540363735042
541372886557016064
541373685312282625
541374000715161600
541374049863991296
541374950100041728
541375119520956416
541375931294568448
541376472913436672
541376561887600643
541378012902457346
541378879970377729
541379141699129345
541379270216798208
541379276692787201
541379905620303872
541380160621404161
541380267815239680
541380282213875712
541380520161341440
541380617087504384
541380658107400193
541380772805238785
541380786901884928
541380954015559680
541380977679806465
541380988694036480
541381087708975104
541381282568355840
541381378953461760
541381392983003137
541381416781488129
541381522171768833
541381542635794432
541381552895451136
541381558515818496
541381701327667200
541382007243419648
541382155344302082
541382332280631296
541382382356803585
541382645343875072
541382664620892160
541382851405430784
541384153414262784
541384615400071168
541384796849463296
541385154875252736
541385235360120832
541385649777950720
541385793064148993
541385870205788160
541385877730377728
541385906994044928
541385923532177408
541386027630223360
541386078536863744
541386358153949184
541386446683123712
541386636681297920
541386661767045122
541386819968184320
541386934661431297
541387294012223488
541387325456908289
541387613022588929
541387774856015872
541387917722390528
541387986924212224
541388024689750016
541388352604631041
541388394815713280
541388520070598656
541389038671130624
541389306515165184
541389646501265408
541389873135898624
541390478634401793
541390625132670977
541390672486342656
541390905966477314
541392330537074688
541392730057097216
541392838672781312
541392963285549056
541393185642397696
541393569899347970
541394600133283840
541394712738144256
541394731654053888
541394922545217536
541395429041385474
541395671455375360
541395784424755200
541395951282581507
541397711468392448
541400127882407936
541400186275127297
541400744881311745
541401891453014016
541402094142783489
541402513564786689
541404003632820224
541404226283642880
541404248383029248
541404918205014016
541405598840283136
541406067922862080
541406658283311105
541406948483026944
541407475766161410
541407505084350464
541407540299714560
541407544573722625
541407855510052864
541408857319542785
541409440898232321
541410333639065600
541410916823490560
541415140609228800
541416110009384961
541418434547175424
541420346566778880
541420950802427905
541421434133032960
541423287582990336
541425385498750976
541428775335251968
541430065826131968
541430652047220736
541436238125727744
541439244288663552
541440714685808640
541440889928028160
541441271622270976
541442011224899584
541442889583058944
541443345621725184
541443451397865472
541443804751200256
541443840079851520
541443867162050561
541444004240703489
541444035207233536
541444108443975680
541444201477439491
541444397389586432
541444533935177729
541444899137392641
541445008667471872
541445166482350081
541445671551647744
541445771217084418
541446647847612418
541446795377643520
541448095977177088
541448817015808001
541449237876457472
541449872172679168
541456465920532480
541457573946208256
541461234671828992
541462418644144128
541462873843589120
541472796749352960
541473219447115776
541473576608878592
541474234711547904
541475199380881408
541475996461838336
541477378682134528
541477699928461312
541478618010882048
541492381657206784
541492425064468480
541492653222010880
541492725632077825
541492855056113664
541492908114079744
541492950593581056
541493088339128320
541493103849250816
541493314663374848
541493343830933504
541493615944814592
541493677885890560
541494020598681600
541494029603856384
541494480273436672
541496013429542912
541498987912888320
541499917991026690
541500329356189696
541500376520720384
541500684688842753
541501015296864257
541501774730104832
541501900537880578
541502056939655168
541504264091480064
541505250319167488
541507856252416000
541509981602713600
541518432248664064
541530165667319809
541530840631488512
541546482672107520
541550807079206912
541552247646482433
541576674392145920
541576948661886976
541579519459483649
541580083564380160
541580484502093824
541581028184555520
541583032889905152
541584210234834944
541584347376398336
541584380184244224
541584605074042880
541585129240805376
541587733991686144
541588584235401216
541606225860132864
541606697232760832
541608477463162880
541611416940453889
541616051696697344
541617939255140352
541618291454644224
541622587412217856
541632749606809601
541632790388039680
541639859962908672
541640867325284352
541642651653521409
541643006504218624
541643256556044290
541643880773738496
541644097510203392
541644272693673984
541645733057683457
541646983421628416
541648221114605570
541664800913489920
541669758643355648
541677665464614914
541680970483904512
541681066432401409
541681307856949250
541683381512056832
541685435869974529
541685728942768128
541685999311814657
541688200088285188
541688474735108096
541688676393439233
541688862721191937
541690106349109248
541690262401998849
541690636781764608
541691824654798848
541692054921691136
541692481968939008
541692654795628545
541692878549188608
541692928603611136
541692971452997633
541694057798705153
541694874425516032
541694878322028545
541696538763100162
541702074476412928
541702646110121985
541704588983042048
541706211125891072
541709151382933504
541709600916258816
541712114948534272
541712286172590081
541714152075452417
541714899874107392
541724752054726658
541724823278596096
541724831012507648
541724997970960385
541725132369448962
541725672310190080
541725801184780288
541726187274665984
541726498731094018
541726831951773697
541728530800054272
541730670717173760
541733093003231233
541734399650594817
541734580944777216
541734585516953600
541734588926943232
541734800818974720
541734815859765248
541734912337129472
541735053177282560
541735193577402371
541735285927587841
541735306085412864
541735315505823744
541735364184924160
541735521257811968
541735544796225537
541735720696569857
541736016391196672
541736303147352064
541736415412113408
541736646463324161
541736840563142656
541736916530778113
541736974990983168
541737659656597504
541737866590961665
541738218241024001
541738406540087296
541738700216860672
541738730571452416
541738900713398272
541740407064125440
541740559090479104
541741160717225984
541741421620101122
541743573595881472
541743981692854272
541744476151353344
541744702023024640
541745188406710272
541745924721377280
541746443971608576
541746502079885312
541746873959448577
541746951533113344
541746995640430592
541747299173429248
541747936582172672
541747952105320448
541747982874705921
541748294737997824
541750211484602370
541750385195892736
541750596869427200
541750750817157120
541751683387113472
541752497686466561
541752726468980736
541752815396589569
541753565472387072
541753599941169153
541753852689518592
541754204616806400
541754368018882560
541754457055580160
541754765299154944
541755211392356353
541755966837252098
541756089235021824
541756399135752192
541758092695064576
541759295302680576
541762128756367361
541762908716142592
541765166283517954
541765209065398274
541767325653803008
541767347263275009
541767397737525249
541768333528268800
541769876210450434
541770892691660800
541771181146537984
541771340391657472
541771556360572928
541772209962762241
541772255819096064
541772520945238016
541772913016176640
541773273604689920
541775600000962560
541776767694811136
541777685245345792
541779668316475392
541780820458217473
541780994454343680
541781522022297600
541785914972729344
541786181558861825
541786750780456961
541787323370074112
541805936973971458
541806554950148096
541809453469683712
541809738053189632
541809810938028032
541809954827821056
541809998758957056
541810299062329344
541810624150663169
541810671600799744
541810718190755840
541810901574483968
541810937976463362
541811156323536896
541811230005276672
541811249353613312
541812022233423872
541812439311204352
541812646040059904
541814135286427648
541815218377326592
541815793155973120
541816112795897856
541818132021936128
541818137118011392
541818200392876032
541818251106586624
541818330055966721
541819298122330112
541819325397487616
541819336005263360
541820236606210048
541820297155198976
541824216467652608
541826580407148544
541830936883892224
541832752380010497
541833759679455232
541833838121340928
541833874578628609
541834100332855296
541834408735801344
541834902736748546
541834989282029568
541835829447254017
541839580274888704
541839816238047232
541849867409039360
541850417261723648
541850722136899584
541851117513375744
541852776511582208
541854432573788160
541861807632027649
541862341621473280
541863373151817728
541863661434720257
541864939241996289
541865156800950272
541872514168029184
541873042813505536
541873273752276995
541874040399335424
541874125153632256
541875967439155200
541895280728506369
541911728993206272
541920981309464576
541925932345622529
541950755276476416
541956615788720128
541963778855030784
541964614565916672
541964799316205568
541965164078051328
541965651477561344
541967072755212288
541967089011920896
541967354523959296
541967483117121536
541967885007331328
541967888962580480
541970072563363841
541972366403067904
541976566759452672
541977342248501251
541980548290584578
541985035663187968
541985434554073089
541991287487225856
542000594127708160
542005298601680897
542007621184937984
542011476505268224
542012505220845568
542017899536613376
542025238725529600
542025873915146240
542026717255045121
542026733147267072
542026949749932032
542027030167306240
542027459248812032
542027472934813696
542027565611749376
542030225715261440
542031465374969858
542032401506258944
542033267168256001
542033550082863104
542033628885422082
542034882021449728
542037203958767616
542046686538133505
542052817293160448
542054065841004545
542056336276877314
542057590490808320
542060825868267521
542061128340471808
542070422855229440
542075343990185985
542079365128151040
542082776384954368
542083481472225280
542083850730340354
542086991836631040
542087132157079553
542087540032176128
542089451577806849
542089438399328256
542089580502335488
542090300869869568
542090431245594624
542090694870200320
542090723307565056
542092791073869824
542094343025483777
542100440750370816
542102977159634944
542103239693303808
542103655579533313
542103880016732160
542104749886431232
542105402708467713
542110078665371648
542114156686872577
542115565389639681
542116639970709505
542116694588919809
542117644489342976
542117883833094144
542117952620072960
542118911702212608
542120643551309824
542123616654352384
542123655774613504
542123894019465216
542133405006454786
542135918728335360
542136603209396225
542136707081338880
542137063127384067
542137714108547072
542138603514494976
542139751999225856
542141375228411904
542153175415787520
542153382358966272
542153490479333376
542153742335111168
542153849617002496
542153948657106944
542154401029185536
542154644063932416
542155221842268160
542155635228676097
542156253019901952
542156328332840960
542156501872570369
542156971965566976
542156987706769409
542157139549368320
542157617649680384
542157813758164992
542158004872019968
542158263748685824
542160330433249281
542160774974951425
542160960728080384
542161252336672768
542161344393273344
542161508185014272
542161790398783488
542166998415716352
542167979488997377
542168072459517952
542169166888046592
542169909061369856
542169989327749120
542170178151538688
542177409852637184
542178560363225088
542178839284043776
542179441963966464
542179660520370176
542180156413321216
542181355010789376
542181361646575616
542182394401685504
542189714699464704
542189866554241024
542191394178494465
542191446372409344
542192860200980480
542195692480249856
542201223127269377
542204035214766080
542206196510232576
542208231930486785
542209460467298304
542209555753488384
542211430196338688
542212265248706560
542217153278398464
542217248254218240
542217265467645952
542217300901122048
542217353594167297
542218312365912064
542218314194239489
542219462338830336
542219930738122753
542219973377425408
542223454947536896
542225500404723712
542225613113655297
542225950851993601
542227072068763648
542228754181787649
542229894315642880
542233094213087232
542238176514154496
542239032177356800
542239254881914881
542239361233076224
542239997428903936
542241761276731392
542248285537583105
542270695548653568
542276983422734336
542281856428048384
542283007001104385
542283646472695808
542283759815757824
542283945447292928
542284531626024960
542284884761665536
542284911663534080
542285072108650496
542285902362710016
542286888636534784
542288621210857472
542291158349905920
542308610525904896
542309266133372928
542316689917222912
542317063256440832
542317289635590144
542317358401196032
542317947923230720
542318207244460032
542318210264363008
542318354741354496
542318792731131904
542319625862516738
542320141048901633
542321305148981248
542331474071257088
542336507982270464
542337411372843008
542337499637760001
542338391753637888
542339660912275457
542339870388400128
542345098693189632
542346394770878465
542347388392722432
542352269405343744
542364849993691137
542364921032634368
542377603307294720
542377880043257857
542378037434933249
542378050181033984
542378305656061952
542380439017517058
542381191710531584
542381296480030721
542381345037504512
542381490487566336
542383297188225024
542384391847043072
542384812518932480
542384888251285504
542384957197254656
542384979825549314
542385087413645313
542385319769681921
542385414611275777
542385434945277952
542385509897494528
542385719633641473
542385944209670144
542386407906361345
542386430744731648
542387082845356033
542387112205508609
542387463021268992
542388796784779264
542391230445789184
542391339170951168
542391733661626370
542391909457461250
542392141956124672
542392671180824578
542393041646919680
542393775998267394
542393921624502272
542394481610620928
542395192909643776
542395499530420224
542395878208581632
542396382548463617
542397033660039168
542397395380613120
542397522912616448
542397560283869184
542398304294686720
542399218178994176
542399404770992128
542399692131164160
542400012630519808
542400200036188160
542400952838266882
542401327418970113
542401863933362177
542402843055902720
542403176486289408
542403258179158016
542405887915065344
542410949538238466
542412146538053632
542413920619610112
542414601376129024
542416033974218753
542418790013612032
542421747295735808
542422107582234626
542422792562417664
542423007369506817
542423236491755521
542424552551096320
542424641126416384
542428527962755072
542428853776285698
542428908600041472
542429007115845634
542429009837973506
542429124350861312
542429126011805699
542429177798881281
542429224766685185
542429445504528384
542430987406163970
542431966490939392
542432520516546561
542433224954105859
542435420642873344
542436156822929410
542437010703519745
542438986900197376
542439350248538113
542440512918020096
542449305491996672
542450215270092801
542450603478110208
542452131194626048
542452294814404608
542452436829360128
542452522208612352
542452592375123968
542453062548197376
542453118714130432
542453400969830403
542454096771313666
542454322009632768
542454414909247488
542454652222967808
542454906112581632
542455001390391296
542455113059532804
542455198199717889
542455280009621505
542455603231064064
542455669773721602
542455702023725056
542455744633638913
542455807757914112
542455842348363780
542455924586070018
542456009772367872
542456108414025729
542456210226573312
542456253692129281
542456269076848640
542456280716025857
542456301586874369
542456314652147712
542456344100368385
542456385334546432
542456392959803392
542456424161226752
542456434701500417
542456572564103168
542456715396911105
542457079886123008
542457317233393664
542457342952890370
542457354013245443
542457400129626113
542457465233616896
542457629075718145
542457651347468290
542457918218457090
542458246854762497
542458379000504321
542458453701050368
542458504858976258
542458637747109890
542458776893153280
542458968862257152
542459157685604353
542459321678716929
542459648083652610
542459731399278592
542459794812989440
542459957505847296
542462142755008513
542462477833748482
542462938552889344
542463038108872705
542463613726752769
542463966329307136
542464318080442369
542464369435500547
542464517628633090
542464954004037633
542465055682334720
542465580226588672
542466641532297216
542467035993624576
542467222153990145
542467289715847169
542467368963022848
542472212746608640
542493657278869504
542494180295979012
542496313640624130
542502714404384768
542528503493574657
542529378060484609
542538262657908737
